,X1,X2
0,0.4914974700225197,0.28646908703450635
1,0.19929605980722054,0.42423353733457814
2,0.28093402400371853,0.4813396332841676
3,0.4983897375029999,0.06428473921720343
4,0.08674312975515022,0.34425140174490726
5,0.5244619316248952,0.5900310805696075
6,0.21359443342102222,0.6418180733984885
7,0.8595543144876291,0.5445061334872635
8,0.4212057975090449,0.17677525674290817
9,0.0748133585620749,0.4933432794034987
10,0.14081598962564434,0.5124232575249626
11,0.42046586857085594,0.33902046050224327
12,0.11328161862772701,0.1811246943873399
13,0.5555367742917438,0.036129939475994605
14,0.2863765589126038,0.2574063938921848
15,0.4313898873053507,0.3532867843228523
16,0.16690288992172692,0.21447803647407432
17,0.0009473213047258423,0.6058795051489497
18,0.3851563963898227,0.8268370432475188
19,0.11082466611083878,0.11884698959859666
20,0.1070668716724615,0.1700225892541676
21,0.4792750206584071,0.1680694116489238
22,0.4447012320700444,0.3213471172667341
23,0.6416145490135139,0.14389075766350834
24,0.4345657004918816,0.40175664905612557
25,0.005506420535210838,0.2971936540045789
26,0.2695552997862731,0.13789493753234547
27,0.5594217408093002,0.34851692827468733
28,0.24967609314478856,0.14746641800224172
29,0.310520461652289,0.1580568395901918
30,0.17082805394943104,0.45410407543276
31,0.06464975793581387,0.5175087762778237
32,0.19568604525980182,0.17335521296802872
33,0.5890854445225945,0.357083017580768
34,0.00418763286686967,0.027909176870901796
35,0.6262115625539814,0.27168029880842054
36,0.3864963029246731,0.3304806879034832
37,0.2944149960750475,0.0941053137572921
38,0.16181317140067283,0.37127318603802556
39,0.4123777014927098,0.029491200110755626
40,0.5230262674822851,0.48050673371225044
41,0.24194358555687837,0.4589291798413115
42,0.48687050415024985,0.3177821789314128
43,0.6638576733839612,0.112640007286873
44,0.36757836884995954,0.5866996855345258
45,0.06358465963860889,0.24629844718714056
46,0.14854232549176558,0.5222211967739198
47,0.06149881880187308,0.20818486753947896
48,0.17725235287429014,0.7760995209130698
49,0.5924454981249255,0.4828737069407756
50,0.37732067557415966,0.08669507220562585
51,0.25105041555756663,0.12841589410451704
52,0.25568070747680144,0.07703824408746751
53,0.39705591294358883,0.3631394443136666
54,0.36381138518777856,0.353481642670025
55,0.2758129902335909,0.021373004004430117
56,0.222146197640599,0.3543199198827151
57,0.12381446437314635,0.20560142892474895
58,0.15759825042203504,0.10303779451552797
59,0.47257494885853824,0.09884680643897187
60,0.7414902289628056,0.07677635384843044
61,0.07715943125828673,0.14399733233407228
62,0.07299712224405829,0.1871391658541846
63,0.01075372368736619,0.5412124935774141
64,0.6783228139530607,0.375455148472918
65,0.0547718880956422,0.09007100025131677
66,0.2936186609446441,0.26727063527778017
67,0.2689243904438596,0.5554837454137692
68,0.0707794630697462,0.5448666024129942
69,0.044070919268327,0.36083857549676324
70,0.26764833901329466,0.5092372461490655
71,0.2733368949047154,0.6018787814825407
72,0.211594765258507,0.47726380033664356
73,0.08945787321769405,0.15431628683753087
74,0.517599535497974,0.3162416424658316
75,0.009751423822157964,0.13982429385717857
76,0.2083541120163622,0.6009730715066284
77,0.1614867434310409,0.36096420843154803
78,0.5764636193740799,0.346277990770867
79,0.22566397429913806,0.18712017881004953
80,0.19523896442582045,0.238527269173482
81,0.17200661130793543,0.22359513573001497
82,0.015209667790350488,0.524231566780229
83,0.14851543369593717,0.1827071066846589
84,0.08495590564326078,0.3659059179288795
85,0.22594634915741624,0.4087456030832996
86,0.05182516750206099,0.4568103616827194
87,0.7466615547308924,0.27911725450821473
88,0.16782901164059003,0.32548187761130004
89,0.5013059351969917,0.4456029630098023
90,0.25782733803117147,0.0881989102268564
91,0.2529309254483049,0.1740949450864741
92,0.7428050549847198,0.35698680688538975
93,0.5087618540907842,0.5873110795696519
94,0.0667276300698307,0.3369667412876119
95,0.026228199678666065,0.2643437489931294
96,0.3936982332029836,0.09072304182296599
97,0.06338295358923104,0.1595610872678981
98,0.03985855135124455,0.45152169654570556
99,0.16179537792676937,0.4935916022365409
100,0.151125140958527,0.12277485813111694
101,0.1148554273867463,0.5194179994544789
102,0.04913515996868152,0.2480499097597891
103,0.46638544143083294,0.5708901116403088
104,0.09881682109455561,0.10061801718853178
105,0.34871973090530645,0.4785320013164556
106,0.21479862610015998,0.6074630359617582
107,0.009170895510922135,0.234271405799705
108,0.09554544174099414,0.3315806047122432
109,0.14565156962974082,0.1824353673816226
110,0.10113313916151584,0.3355820725707757
111,0.23982005897803274,0.3275998401097221
112,0.118828974437174,0.23979409639490126
113,0.08690709108865854,0.3378664764964653
114,0.4277430304678689,0.41218583757313115
115,0.5294730561723504,0.16947937278798778
116,0.5747254218428469,0.06331660466529332
117,0.22364022966145086,0.24793469247213867
118,0.19808248493652822,0.17796777547008533
119,0.21162534607870173,0.5158021262912937
120,0.4557678114229404,0.22052043589634465
121,0.6887108284539826,0.33981738472332895
122,0.07830816187833747,0.18656386618818438
123,0.25115658748507813,0.13861255218576937
124,0.13852900104672022,0.20576685521289254
125,0.3754155534748768,0.5609666642919946
126,0.026595968286530106,0.48776219436759094
127,0.09956034711079548,0.23317560692440953
128,0.188996883518608,0.4967014101264983
129,0.006780199530747659,0.29671484579056484
130,0.7180245411067484,0.5188085547862941
131,0.012180027522232365,0.5867813846684887
132,0.36996836871934374,0.42190457676678567
133,0.36300058581900957,0.6067296547459237
134,0.15033539914791008,0.2163331169991728
135,0.050517356534640664,0.11907342151793762
136,0.08456784317747104,0.3138681841268645
137,0.30207608291568144,0.3611734377226021
138,0.415423429689585,0.5507786950525835
139,0.7065690954278812,0.7031126387238958
140,0.6713282198879383,0.15678318908857464
141,0.16519718898902594,0.3370525625656242
142,0.5789965080685512,0.21878551835825968
143,0.05422599258728624,0.3630038415551592
144,0.05166555089526301,0.46063620633680247
145,0.23092262585077727,0.19532965149679446
146,0.05001275918660342,0.47373857248584467
147,0.11364346269023756,0.25740031320927376
148,0.17085313717163933,0.43562013225417995
149,0.20803253422191803,0.05545670917518402
150,0.30539439042339794,0.36197197988134366
151,0.25945412472219553,0.47853590946915353
152,0.43052803655176464,0.1963367666235962
153,0.04021679508237891,0.6377208462509917
154,0.21558976358659004,0.4695618842269068
155,0.06882420775241802,0.19910222044932316
156,0.73491624856302,0.18089796303683756
157,0.5457213285322375,0.08962336300829511
158,0.07796810744188229,0.5773908793862516
159,0.18275600365140324,0.203890923648883
160,0.16896662030288165,0.18838371164501813
161,0.11809843831368279,0.36732757567247276
162,0.4527042910752586,0.35884635133891213
163,0.15500307592653567,0.25115682103873105
164,0.04994106172063538,0.17671584607493102
165,0.11579420425055828,0.21360969217402664
166,0.20550703868792472,0.41125438526969055
167,0.17879132422587107,0.27184458283491997
168,0.3868507703306578,0.530335268428641
169,0.04032066815752206,0.14531952025240968
170,0.10207475357935368,0.07272436419769293
171,0.3658252278920638,0.703029872929417
172,0.19376063686503808,0.09584675421830713
173,0.16462032860264153,0.26440085105421324
174,0.14113784681069172,0.41167339483475013
175,0.529358224257316,0.7621829378424211
176,0.031021523083943573,0.5542021400608643
177,0.08566824821797896,0.276795306272556
178,0.4069150607948767,0.7374348914689939
179,0.5150989365229596,0.47516890785394245
180,0.010199021346859296,0.15739408717868977
181,0.33596702841315906,0.45114983209795945
182,0.10087029899963254,0.36000379164014595
183,0.053777893658029284,0.3600841251451997
184,0.075110020881163,0.271020807436153
185,0.22653818479707874,0.05245139236820823
186,0.805317418689665,0.46501484270305377
187,0.1100312309111887,0.18995049626286736
188,0.2673437950485049,0.4925843792254829
189,0.5036782385064718,0.18006310314311172
190,0.06761794565894946,0.46352831046212645
191,0.06820139904602922,0.6834023223638243
192,0.013519639898698869,0.5602443811126048
193,0.3005756641751091,0.4718346217959661
194,0.17922874489655535,0.3853288036240361
195,0.2013299890582183,0.570382483398288
196,0.3531527106785408,0.2539602221275245
197,0.7619397397387664,0.30989382670397936
198,0.3079157907814278,0.13058253628869848
199,0.27067628606646327,0.4343313727975098
200,0.6600052499516987,0.3915442983702859
201,0.5566566118761552,0.028358579221483916
202,0.3891386897754943,0.3733509533934974
203,0.1875822639696889,0.24901759013107577
204,0.536823511974322,0.41827653236176676
205,0.16638080908508066,0.14767462444897547
206,0.2294218649099503,0.5770025851667896
207,0.4667787094370787,0.22982063684056128
208,0.10520417516515816,0.26386082292492075
209,0.07987041212642053,0.6091059188347254
210,0.08640114853264176,0.4578605375502332
211,0.15969584198680178,0.08258477749482504
212,0.11785619508358906,0.43918414236443226
213,0.2212981873049714,0.38811376051407287
214,0.6444278731154953,0.27031814205868004
215,0.27895296736744196,0.10970657166460525
216,0.012773785162747341,0.5062544657613739
217,0.6170374635002691,0.41535912056795365
218,0.23497335897928975,0.3930425158757923
219,0.21116997375975577,0.31141319374471466
220,0.3008746475454169,0.4267645864117258
221,0.5787316666566816,0.41825527633505194
222,0.572809242975972,0.2602959701735905
223,0.17153130730238722,0.22081760115920487
224,0.28856233992418523,0.6344773530929045
225,0.29683264114492275,0.3038805734476966
226,0.041499077671434216,0.1979302017208737
227,0.16542711423407977,0.31300510485877997
228,0.296714092420802,0.2501673484654846
229,0.026767556464724177,0.068733172703187
230,0.12450920397812236,0.16706870891707648
231,0.275201333625764,0.21739447147449656
232,0.3646047867675612,0.46569462851744375
233,0.08689038396441005,0.2371005338974385
234,0.002400306055502965,0.11772920843309967
235,0.638064114018298,0.21996137526266027
236,0.20484169983258815,0.2841341903324241
237,0.07035288784214914,0.24710098998464172
238,0.15762763216409667,0.19093243897679443
239,0.2361475380268873,0.4543013965367626
240,0.8195432010792031,0.2798387300553344
241,0.17332195801837297,0.5040788139023735
242,0.25320460462779365,0.6828606771618628
243,0.14906268176894064,0.28600833108543666
244,0.7089249970413577,0.19391052941833972
245,0.3184148272493711,0.4888026020618622
246,0.1836246285389842,0.1719462547857925
247,0.5153264796041381,0.20697897560071501
248,0.4735826594206147,0.3925020505143974
249,0.13820100631840043,0.27936121977449746
250,0.10511348742664732,0.12985438294399199
251,0.22893552244507062,0.2801943108167685
252,0.02843686054527049,0.3532463239158245
253,0.12877987247766,0.311012334236866
254,0.5927831596047196,0.22799744049042758
255,0.10965222065711291,0.5139919289170446
256,0.06432685287977517,0.09307920762269986
257,0.04757542134432606,0.8092281444666606
258,0.30267016744887876,0.2707460653332245
259,0.18664322904765956,0.5963767992663416
260,0.08947214438730072,0.05489330798957028
261,0.0023598272205096627,0.4326555525728883
262,0.1637345493292139,0.13065296679710384
263,0.026942344152548082,0.06376493744793914
264,0.044657728133345016,0.5124203062709891
265,0.23785803702484998,0.26620144376235755
266,0.32039881829617733,0.21143075112306328
267,0.3325814107511708,0.13526425845798593
268,0.2220599365250664,0.10911836334468636
269,0.052088590945774366,0.4920851787794687
270,0.3002622347328727,0.6237616302839573
271,0.22679304657475946,0.3125068259576852
272,0.3968001517746568,0.34951954220977366
273,0.14609105709577552,0.05269316110162795
274,0.2869077204151987,0.14333271765044056
275,0.03855268525562396,0.6365509702719856
276,0.028223841880050178,0.2781546424221443
277,0.4076089972783434,0.4624719187564366
278,0.21306804864653614,0.31240964131686955
279,0.6344532494878198,0.5843440509384846
280,0.38121558010801304,0.09593245789424514
281,0.18643719030246209,0.11472114206065306
282,0.22113122682499095,0.09983842000071003
283,0.0899089931034551,0.10447356505267665
284,0.12453114371177972,0.04485313516724836
285,0.182340636508107,0.4137631733884559
286,0.03956716201652795,0.6101324926299783
287,0.12987305723031756,0.454285697323256
288,0.43163201647579025,0.17386959995453427
289,0.28982320129197786,0.07545394047301908
290,0.39971979333494706,0.4857061202075856
291,0.10303137813514178,0.8014137373702593
292,0.11311153882303712,0.6208853572497441
293,0.40826815481397194,0.43514050455854175
294,0.7528613850066276,0.12642740897783505
295,0.20657032812053902,0.3308854908645551
296,0.2086682639968802,0.17699809140401693
297,0.4307264884564876,0.12321945810047188
298,0.38653527963225276,0.37746166751230775
299,0.5296670364723819,0.20527323924388105
300,0.3719020081086062,0.15188956695548003
301,0.030077861708534697,0.43549439680771657
302,0.4133196885366345,0.16999325369501184
303,0.18409644346165213,0.49571980994807946
304,0.4139899641523826,0.3708377835586252
305,0.031036482885259942,0.41710779242413387
306,0.02690184719068938,0.169733503856852
307,0.2547586994504391,0.4525305156679982
308,0.015315621370250375,0.1782647277264271
309,0.2251804144239718,0.3153097039225284
310,0.03366955072876427,0.004414023532915236
311,0.2773807995827038,0.263644440462328
312,0.00845105558504226,0.23320908472734872
313,0.0764408679759194,0.22817538577744909
314,0.7997581797753199,0.3328699899921704
315,0.017686163557381264,0.15677014687911847
316,0.21654410152426407,0.41377792096923355
317,0.07039630515109987,0.4882342507905134
318,0.3589057607342376,0.31906672346180043
319,0.15565256841563538,0.5362734035429538
320,0.14036875422798797,0.19966699377372318
321,0.17757105723411912,0.4091272683471082
322,0.28148635948998374,0.6162570632970147
323,0.17708178898323493,0.18702017943792082
324,0.0265124254493599,0.059083380048868504
325,0.08318707200315935,0.15225952325371747
326,0.0023133546385085625,0.26023256568524444
327,0.17405719988906426,0.47994247625836683
328,0.14994034770057516,0.47763727897532493
329,0.271580443608654,0.03796705605606889
330,0.05470067407707099,0.2518429188407171
331,0.1834926815160489,0.5738630816146904
332,0.056330077025366826,0.16541922754008817
333,0.14239368868920857,0.47344579619662935
334,0.13963440379379277,0.36720427402080913
335,0.38052066689169267,0.6919909870673356
336,0.22435052169413186,0.32204955419404035
337,0.21536236384744237,0.553833228145344
338,0.028356249040976046,0.13628732085592413
339,0.2519898931733361,0.555957716856622
340,0.011019001576384564,0.27035066922881806
341,0.07426720747526894,0.2691531370607643
342,0.06987344048944087,0.20424556335016955
343,0.03933851389221556,0.7061955492595073
344,0.09875950157503734,0.07486612865351382
345,0.04387368293128721,0.05287369700403476
346,0.7529624028425476,0.2096287027126223
347,0.4098235098950385,0.31669167623260946
348,0.0986780486469586,0.2565789492166677
349,0.2699254113367397,0.5453139999693558
350,0.034153215369608664,0.3062880951946927
351,0.42509887215800923,0.36101164784003276
352,0.409767278015228,0.32928284589207674
353,0.44934695056091944,0.12504858396342125
354,0.29495246123404767,0.11803677177296795
355,0.16981473810103812,0.45281088574580586
356,0.030767732566062057,0.6785849340496223
357,0.07609470350685638,0.5222047265292576
358,0.6348154306740518,0.10342147487394937
359,0.4304269719445743,0.5036872995529766
360,0.15812992497503314,0.3130590687260359
361,0.2145757041505716,0.20336575875695082
362,0.02433835784388964,0.17665580971816
363,0.10271280828021127,0.537721716378159
364,0.15762151972191957,0.19006269740173096
365,0.004577585473212011,0.2187590767935304
366,0.5196012245602012,0.2040226657995495
367,0.5251565684583376,0.15734311982842927
368,0.4575866744594577,0.4337241673313101
369,0.05981190711242045,0.1442024175732716
370,0.380240763803608,0.5690533827297669
371,0.005402359617374239,0.0390840082273042
372,0.19929783236901438,0.13174159355736836
373,0.14214315449839504,0.1706491536731234
374,0.02020942996483091,0.4881965115753633
375,0.05778729502718057,0.07927873022021756
376,0.21741564917537262,0.07036777276126079
377,0.34310199718031575,0.1862854687343168
378,0.14886201352164855,0.3349213442570432
379,0.3099735254742939,0.605067912328078
380,0.005579666481431679,0.1488567445710508
381,0.47963195398390235,0.6255343088894895
382,0.6267433223467016,0.24924558452089468
383,0.013843887844021758,0.6285965681440588
384,0.12021637354961338,0.4757603809865922
385,0.44858810963196233,0.4140725171167865
386,0.20368778351747768,0.37380351520231475
387,0.5341215789750074,0.4573258524795761
388,0.4764737400511982,0.41290312212050334
389,0.030909371439838698,0.8534220348023235
390,0.20703534421176978,0.4365306098501722
391,0.07626727688591493,0.36269126458550194
392,0.2071245824502309,0.22704194090302934
393,0.3912353706746955,0.019784782663821304
394,0.28808291848519985,0.13406160883935284
395,0.20970069386202303,0.21267658714694823
396,0.2554394555341677,0.502683155948558
397,0.3775378916572998,0.1770942745514049
398,0.1297164553798799,0.5728061733840814
399,0.02143821230190235,0.5051118269093466
400,0.12583758274333362,0.42887629773330693
401,0.46201642823497663,0.5550769153018557
402,0.4443835284952886,0.10375396944482758
403,0.02823094155481879,0.25949435453420167
404,0.08415386672445135,0.2984542629196429
405,0.14023910856870242,0.13022127819640533
406,0.39141744926526095,0.3851506036114785
407,0.37177649583417743,0.15979269197756907
408,0.11932831224933943,0.6840092311058448
409,0.14477451946233993,0.2999923055528166
410,0.21968108677817846,0.3867580427728035
411,0.22837803094528034,0.2078290758931907
412,0.17742387353974373,0.3777143569463285
413,0.28703731445091046,0.20124598172129582
414,0.31466271681581154,0.5776173463210512
415,0.15170994770303975,0.16262251258694216
416,0.3764941979484652,0.35187379047489653
417,0.010356506706382993,0.6741429426850566
418,0.11567411347163134,0.2489224623185434
419,0.0708023655051241,0.24755369702373786
420,0.5265238007869188,0.4063984436156937
421,0.041210395524077535,0.36902614102423603
422,0.07299708009410064,0.2434930911787868
423,0.25505967864076834,0.5231538560881618
424,0.12876249534624634,0.22653192518035162
425,0.6120240467207028,0.4041599123411486
426,0.132108613914827,0.5754398487403923
427,0.02568016522626418,0.24229580172922235
428,0.4501170032942788,0.23457823711832154
429,0.3730421710914395,0.4452693098353003
430,0.18757660741307772,0.27434570621822063
431,0.1083857789175008,0.2213965601155486
432,0.35669751388772064,0.4203291719189658
433,0.21349465441915005,0.5102541048461892
434,0.2659086890922119,0.0613267246347592
435,0.1905060128296447,0.6997687852491303
436,0.047066994019424,0.7691667164035634
437,0.35000711073949325,0.06514047750319056
438,0.0038795860838480656,0.178772025508216
439,0.5311187719227761,0.37747364267630296
440,0.06209908982805536,0.047920156246447444
441,0.3859729954910182,0.5087836496910273
442,0.2656637966651593,0.19473677811811035
443,0.4950295937046548,0.3615096044546387
444,0.2277078548506664,0.21546326330900728
445,0.16455981043080126,0.4802371141219599
446,0.8381039411474789,0.3113117228760579
447,0.4971746075662653,0.07449127856251903
448,0.44182958939263134,0.3436155405970827
449,0.4398235692481392,0.613760307579514
450,0.20754842843549245,0.28358632040905785
451,0.012761755965051158,0.5955736328822324
452,0.4012141093735888,0.4130265882450574
453,0.4741325306434678,0.387202417173208
454,0.29945595052201945,0.08171395346617538
455,0.5975426048604751,0.2977575402774218
456,0.1298878263924534,0.25265528709177654
457,0.34927139332151774,0.47957863300829745
458,0.13388932668755618,0.8226525027128961
459,0.3302097999169611,0.43378914792689466
460,0.1720412515461754,0.4050142363862743
461,0.027182953218615163,0.2605843862890756
462,0.13938610101579602,0.48940757976539545
463,0.1271761912194056,0.3446243952625408
464,0.1681628015957583,0.43761001430403534
465,0.8145722928446604,0.13888322644643303
466,0.3449041211602745,0.054928238014190216
467,0.19440292349356486,0.2520689337711465
468,0.21758308629086148,0.3682487939878751
469,0.23144629324215935,0.3081292277950843
470,0.08068305954918085,0.30380902244667696
471,0.02042986700531746,0.349320443499125
472,0.013357001856350175,0.04020025711212683
473,0.05322530534028929,0.3493529764092011
474,0.05716617626976828,0.39265765030628097
475,0.019084376045803913,0.4360448714715098
476,0.3857670082685699,0.28931195907375856
477,0.27425432480836354,0.1977061937176473
478,0.43250195530519797,0.3631483913854991
479,0.08726696047033158,0.0786319969975953
480,0.19802134938271598,0.3018208657863647
481,0.1797768706810724,0.2938897876747445
482,0.09329953203764231,0.12006170086722212
483,0.34739120926550676,0.2361603568021957
484,0.6445918618251374,0.5587835432948881
485,0.3746553186486603,0.5955061332359692
486,0.14870926158490616,0.355125848579258
487,0.28820249891162625,0.6231893529053144
488,0.09002553806495704,0.3743112501190047
489,0.10623236062982015,0.2765543431986653
490,0.56056491052347,0.3863220948632479
491,0.09382199249810723,0.2622123511062824
492,0.06853209146193279,0.574468332784293
493,0.30090484579695437,0.2782288885522863
494,0.2049080245140849,0.4769355764679869
495,0.20166192975794342,0.3856146388187385
496,0.3162913152403274,0.21799247236999492
497,0.5187594342259967,0.20375624935762157
498,0.3275724469673684,0.04841377229939757
499,0.2540857205306848,0.44472565678891895
500,0.0025824929817830668,0.46198858426155404
501,0.07783248032248904,0.266195236707896
502,0.16485056170117326,0.4264756051428078
503,0.33588177557348264,0.7307200695447208
504,0.43084515950699015,0.37513584263262234
505,0.3801371296122304,0.3131528655044711
506,0.5630415544300722,0.28807066475057386
507,0.28888556654401437,0.2181944358894781
508,0.3141961558437356,0.2386998023688755
509,0.15552091704935095,0.4752928901103456
510,0.20820602066553087,0.5257999705605687
511,0.21207498939439617,0.3150316906399391
512,0.05584783669350854,0.7099320550501681
513,0.23814558059902344,0.461576205597792
514,0.13034214525073734,0.7248820687869578
515,0.09610780481850292,0.8325564526597958
516,0.5247986837162122,0.2142046108445019
517,0.25383757633104403,0.4773476740099965
518,0.11821552694593732,0.48540384362935374
519,0.21050454245394618,0.05898587479134858
520,0.2657988159171186,0.21340264513016183
521,0.14869115606678,0.24773257396352674
522,0.047174323917003796,0.34042066933993725
523,0.06438931685310384,0.5252457290775385
524,0.3802049846094274,0.20600030583004192
525,0.4571767963128352,0.15458592497975235
526,0.030263784124666116,0.1465912642877203
527,0.5625508914478002,0.21976304124051974
528,0.1992366011541716,0.37806125571319366
529,0.18523639223440208,0.3889439383585786
530,0.1537344175679712,0.7625811579653127
531,0.15780924404585342,0.11885482010190619
532,0.22094965640876338,0.33685736782569087
533,0.6416530134644073,0.04977529490289112
534,0.08502540501494858,0.2760765122085531
535,0.597725818857398,0.4904771335023427
536,0.08015432995706534,0.45077451401158736
537,0.39106556616540183,0.6401345423713801
538,0.04242792138334444,0.7075254260832399
539,0.2930943360210377,0.2835310064223149
540,0.0008669134002159412,0.42677722671634505
541,0.07839442927271686,0.30856979594833217
542,0.6418733440402447,0.2236944539044403
543,0.8350811438963656,0.03944897904907627
544,0.521312179792985,0.5425567822273466
545,0.03781045691454807,0.34829648359357046
546,0.20165807492801222,0.2944039098223993
547,0.840545565998314,0.25553397652561505
548,0.1400047806727321,0.2156533942886092
549,0.23223720981523593,0.5262635494179908
550,0.02339921361537155,0.16668057149634896
551,0.1439447753292251,0.5165949816272944
552,0.7310105857837222,0.08358804836054058
553,0.23775021111147485,0.22615209052406257
554,0.4922521862359085,0.35432996951811824
555,0.3567401022005332,0.3767648496340124
556,0.45330592358960276,0.29121915805497656
557,0.11388505642179733,0.23114672130145053
558,0.23191667558073134,0.026900227640563112
559,0.18290832391765122,0.21358904837758108
560,0.10461704177922475,0.42587663001086956
561,0.15918028312386953,0.15380782459007492
562,0.24016919390609698,0.04144849884824809
563,0.3365898798147999,0.3078789003516643
564,0.28559292419942095,0.29392092033035616
565,0.10919185564777004,0.2604319641125288
566,0.10819537615604842,0.4421827069299165
567,0.6538010655626428,0.3165927273871536
568,0.3328853789935408,0.5503039002307328
569,0.5272257443084587,0.43674352540260664
570,0.44777740209514294,0.36514793624219494
571,0.448522094463094,0.6125871651917963
572,0.16219102821479983,0.23096619699452323
573,0.08530384103437819,0.10277558922524793
574,0.00289373728383804,0.10753604465318384
575,0.10613253623394986,0.4273810795716472
576,0.0432802965451076,0.5461042736873875
577,0.34357889426249016,0.5487560472575868
578,0.35567716684374856,0.15974783050613878
579,0.10977494704068916,0.02714283787177447
580,0.16826426626599753,0.37739653201695783
581,0.2594295001137145,0.12349547026184697
582,0.3088475995955303,0.2907380858062093
583,0.43927352355969607,0.26945153445439196
584,0.11022169019274379,0.7752375912471157
585,0.03206546900739541,0.6103046699423494
586,0.1411897827436125,0.15034931465384332
587,0.024157935391109688,0.03908778562598109
588,0.22509290126743262,0.37676150720765783
589,0.40153136377154647,0.5951935264796631
590,0.007809684006796899,0.08166458402496335
591,0.22919826546786098,0.18795602474626083
592,0.04001160687001114,0.26418983819331815
593,0.44485977683394634,0.2899532799439081
594,0.6074518819989052,0.2713895804688379
595,0.204085314291449,0.4571766005350677
596,0.15506614497274765,0.4416963703632396
597,0.19009813353074975,0.12901073515433947
598,0.05298479693050071,0.47193055611610935
599,0.09871967760035687,0.22442716177113978
600,0.412617770159265,0.2795136931179549
601,0.0325081185319615,0.25417796912266494
602,0.13067815335326213,0.3975887611603182
603,0.5121967396992902,0.383097603290886
604,0.7218190882376925,0.0923683105941264
605,0.13572332236417597,0.34079232450985153
606,0.14832172295179818,0.5536242576470771
607,0.0214894021781132,0.3441142935899927
608,0.35006260490622837,0.5247007705274864
609,0.3487334054930339,0.35137109230208274
610,0.3073500747457717,0.3997519017095211
611,0.233528760781238,0.0695258820907479
612,0.22306952960339518,0.6829764454477663
613,0.3952628340644884,0.15707025418550985
614,0.3328485677307142,0.1278307264723315
615,0.06183283018474252,0.2115881866829662
616,0.7734208876006305,0.3865869866468874
617,0.21722844285240034,0.10943186305641382
618,0.3840362407789281,0.44232482256017763
619,0.16549603122751547,0.505901318367313
620,0.3873493121044708,0.52684336948741
621,0.16289652013593478,0.1970149879411019
622,0.49113324448399037,0.19640578987647725
623,0.0739317106891785,0.4482448109209674
624,0.03656570086712365,0.028838984556415304
625,0.12865496581092878,0.1353730442934703
626,0.17739454236743818,0.23933885583570577
627,0.678631830208384,0.4037550272503062
628,0.02203369169911106,0.13844642993578665
629,0.17322229367281414,0.21532788287454885
630,0.19400336279856376,0.29075050233621313
631,0.36217249058221174,0.5311040748779359
632,0.44412638685827305,0.39501981085937515
633,0.12630576490614404,0.51441691106463
634,0.08808129729490254,0.48343840831837626
635,0.1061453352680421,0.42988562544861286
636,0.2950915804037178,0.5018780092140777
637,0.23855846322028426,0.37915487812019355
638,0.018132699476015507,0.17037011683156464
639,0.3210288296234615,0.6226155455824283
640,0.025769292875091217,0.405879594406753
641,0.042285699231495597,0.44315584700459637
642,0.13101670207731253,0.20661870349091513
643,0.14015047079503334,0.4058614721001066
644,0.36511547280027473,0.5074985688573065
645,0.10606831122377612,0.44717958885310966
646,0.10595601678110309,0.13271584370735057
647,0.11073459515001166,0.4650782766572965
648,0.08499969143713444,0.311479929840087
649,0.07580799448230323,0.10242626583967111
650,0.2952170131238092,0.3335194244908756
651,0.01933281475263549,0.685842369108044
652,0.24230167361805205,0.7651403588806239
653,0.09283014539923976,0.5334190100873575
654,0.36093104909254636,0.19809339485559818
655,0.2034634419423637,0.2403949860219513
656,0.05667505719115429,0.7000327937654115
657,0.0443453497942055,0.3494037008010368
658,0.0008409423978889416,0.3804518008807106
659,0.4292761712257198,0.347740125522004
660,0.5022200883878575,0.2750869634566995
661,0.03909774783913746,0.10047584773811946
662,0.047585387242954594,0.24627438790592296
663,0.4004627281634612,0.3492762187197614
664,0.7758279374373036,0.23388205581327942
665,0.3139754230092579,0.1917997835001435
666,0.3237756259632382,0.4822570412424896
667,0.6330634102914788,0.3913232691760059
668,0.041913781176603125,0.6196362552818139
669,0.07047210988951659,0.5881001332849793
670,0.6884434007952565,0.3924699504602885
671,0.39187111188730084,0.21792523398077532
672,0.6184483963360861,0.5441284629353023
673,0.1593479511169775,0.4033069823968959
674,0.7440328697549108,0.15859525989585802
675,0.5075761634747304,0.32354388140905377
676,0.20216188872569021,0.429558879010037
677,0.17092847097597624,0.5151068046197339
678,0.21207370662637723,0.43485582588813154
679,0.23252623898568256,0.3488973497771425
680,0.09557452692301319,0.2639467282826337
681,0.16535526466956119,0.5303061322598778
682,0.029882455016665657,0.5566212391131508
683,0.17677675367362164,0.5803536199587065
684,0.1871530891502826,0.34506728171121664
685,0.15857869363984414,0.3220762108946581
686,0.292840988146951,0.10449646000208838
687,0.06250677210997295,0.19350119749009914
688,0.15747526408161494,0.3174201941352924
689,0.45980866575568,0.3176753149278087
690,0.22417792300132366,0.11401545640912233
691,0.16887341759995972,0.1280491787550576
692,0.7215826444189816,0.17767518391840326
693,0.27707592552013927,0.3794151393360686
694,0.19306894811477388,0.35367917920441944
695,0.18212987558490515,0.5654523158457125
696,0.31340418843406576,0.1457490937894863
697,0.15081490042401516,0.4549915297099101
698,0.078819654575159,0.29628715460726834
699,0.639203395373906,0.18459485798611924
700,0.16322333266857164,0.08090333838141028
701,0.3069296804689265,0.19570343394976905
702,0.10075392163135234,0.41889660851537147
703,0.4849620667614242,0.28741230019138586
704,0.0820586636385852,0.30882731249160034
705,0.22827097325872467,0.28185309056651037
706,0.27398987616951415,0.2351271499536153
707,0.28007369866360354,0.5742779939013595
708,0.4020085523770865,0.2911596097852871
709,0.3691781100658516,0.28169007885159075
710,0.2039167518249476,0.5030903616676918
711,0.3368634298641213,0.16016004580679177
712,0.0877235939907397,0.5855759632076936
713,0.32243682905220383,0.17627756358736427
714,0.29979025087548156,0.47135355800131173
715,0.05439754032939763,0.3104393486725155
716,0.33161506598110474,0.5387270243459183
717,0.2601688985396527,0.14160012100692151
718,0.22897785166175144,0.36836495962280214
719,0.3343181734466581,0.22755475468106467
720,0.030768325607771575,0.46767648306913584
721,0.11244008362503752,0.7397123255651948
722,0.6359533985207138,0.4424468325761715
723,0.36256251877809814,0.40445537270403115
724,0.8916488827726182,0.052617643872575774
725,0.5032025666878713,0.36245632726956484
726,0.2730970282047257,0.5084347213366603
727,0.40522481580355646,0.6279970634306293
728,0.19727948566744913,0.23344399961042753
729,0.2568064864705728,0.255569934601676
730,0.0289498017128706,0.6686964487805305
731,0.05803917559501026,0.017233449399860556
732,0.30731449046510967,0.20934983265968582
733,0.009459513432906297,0.18401529656614773
734,0.2756415572638191,0.1648283064031212
735,0.019200706396158337,0.821858922514463
736,0.25826227363830373,0.2800845259622887
737,0.6590394837843859,0.18508517170890576
738,0.42790809515788075,0.06922850666889453
739,0.12538454738836527,0.5992088434168561
740,0.4781984156254833,0.159782187700985
741,0.02244871113878099,0.4318764801694953
742,0.6054359484044789,0.23964079373247904
743,0.2520324621196698,0.2858376556435126
744,0.029425062900816066,0.29421849184927545
745,0.6064506672842902,0.45333593783957005
746,0.03066473973713151,0.5777727218484723
747,0.7614784823830278,0.101890440261239
748,0.13230702686124962,0.4226453331505192
749,0.015303901683236828,0.712676859923628
750,0.8700082107758406,0.7849999082784012
751,0.3394026237675916,0.20318269434807143
752,0.1577754577194632,0.7154162134542985
753,0.3493895647334819,0.022289551157194644
754,0.13751740084764705,0.21551826180616301
755,0.5651891713292595,0.5973680407703348
756,0.27601797419312396,0.1448338305118887
757,0.1268335516960568,0.2614290502761648
758,0.28245918874888676,0.06260967551752045
759,0.30584914727452284,0.5746831249861156
760,0.06115692392924027,0.3237076852459506
761,0.20058997481053178,0.48510118399689917
762,0.15640072861080928,0.22928274824929956
763,0.5467700258948295,0.26124211761944854
764,0.27515834666920386,0.39444625172554987
765,0.3500515220193982,0.5674013196890343
766,0.15802571757354245,0.4850700155678881
767,0.4231431259143357,0.22304189398708069
768,0.2641926924108413,0.5340227137390382
769,0.03140560313826506,0.30975414996959366
770,0.01557123984239229,0.4293735620023893
771,0.1075676616012447,0.41180005468253944
772,0.46046865939875703,0.31191778165904666
773,0.5374745223762956,0.36837161590259504
774,0.309356758210849,0.1686706060172816
775,0.06603462266119733,0.2379575909512658
776,0.008616604609377451,0.36592318206206675
777,0.049246209184642224,0.2073133655916561
778,0.0350537416430609,0.45482800704987447
779,0.32387799465775374,0.31515841964479574
780,0.12821237768394064,0.1594498053232016
781,0.03715997036127543,0.4158375952931121
782,0.10922859085146763,0.23993389948543403
783,0.2475951000141598,0.12242522568240508
784,0.06999382274198736,0.2644902025873533
785,0.4816268093006672,0.375238670484846
786,0.20819820897451236,0.2630434001664641
787,0.2793645188266833,0.12046865841990234
788,0.3986641011927564,0.03477076193639552
789,0.2673574959486561,0.52028987500397
790,0.05333242882523613,0.1432942890061961
791,0.3373942460098054,0.35824561936716426
792,0.4643447758996133,0.4731255816995629
793,0.058949421435216,0.3165179492643357
794,0.17008686866250128,0.7165860695007242
795,0.1168721323236287,0.49597266162252374
796,0.12911034603845717,0.3152448376977396
797,0.12265671741677986,0.7012275044639158
798,0.2579638159464982,0.2745262189487088
799,0.20589694949073675,0.3961856665873129
800,0.6372317047755264,0.3000725077926924
801,0.333300493447836,0.3354396517643683
802,0.15208771026512,0.21525840246655564
803,0.3867392874706682,0.07903451067844304
804,0.06284001925240944,0.3914354549175154
805,0.23288215883327779,0.21532324430170177
806,0.018795919113113166,0.6467070430312675
807,0.5128735431939228,0.34794672350541966
808,0.24560046157215418,0.4044918180571994
809,0.12638035792466815,0.3718518175737229
810,0.10468909134935518,0.4673903004060691
811,0.23609707429327687,0.20311147410837976
812,0.02885348277534014,0.4788117106996102
813,0.3374475691481626,0.628481845145969
814,0.060060923151881725,0.05295632330155338
815,0.7914060828764514,0.07470043011123056
816,0.2223699508212549,0.3782812885436086
817,0.24626621871845833,0.11837173267551324
818,0.11226671569584022,0.351978766022924
819,0.45292648243175593,0.5401515804228223
820,0.3880361860291852,0.32639827045793185
821,0.0010073834687346801,0.3421237915104636
822,0.02732680036127894,0.507433726667443
823,0.18567007224086726,0.6464421884546804
824,0.29181949934728435,0.2797943536951526
825,0.025862958944878087,0.5527453018828395
826,0.30630681485041883,0.4123671096284172
827,0.011226358337707092,0.27473228815156714
828,0.1655046616884353,0.507112352233053
829,0.04152027777655377,0.3748971343203203
830,0.19839528722552582,0.34344496242057654
831,0.04464437238310022,0.6260894012432431
832,0.04441349900513881,0.4035061038344013
833,0.00041710680735849976,0.041829752788664125
834,0.009989144379354484,0.3635279964196037
835,0.136645789792009,0.06746188662058647
836,0.1963162611711911,0.252316476843608
837,0.10988558831468359,0.5093403234242233
838,0.7916949214078031,0.2960267218819973
839,0.3633045989538548,0.29669975916243707
840,0.15334171628835372,0.3149266833805023
841,0.0023306032539127607,0.24221831495453502
842,0.23043441496964856,0.3204055875907426
843,0.7645047719945676,0.22098827705887097
844,0.01836881318665473,0.38052069753750783
845,0.3124063590639518,0.6897318046868477
846,0.3365018727981729,0.4146248834947476
847,0.31307980922971174,0.07363287784948691
848,0.010815849176708957,0.5016069178864228
849,0.42990883071678676,0.24514584217029584
850,0.3442246807655014,0.46862045567915944
851,0.0993049207747342,0.10402268686990324
852,0.7226507094167482,0.1896301751764097
853,0.30170895590668717,0.20690926838321744
854,0.5724368722555532,0.4494655287145129
855,0.09613108873505816,0.31063048300437907
856,0.262574283598512,0.41074095644901804
857,0.4100430925947741,0.5470094824335129
858,0.21518401446237367,0.4925955695188483
859,0.20581154728295067,0.1577843851938548
860,0.08474278170836827,0.3015555009071426
861,0.4030946737480425,0.3594095073476134
862,0.03375571832377192,0.33227198166029154
863,0.6014226178545552,0.08330726637390821
864,0.43988866194883774,0.3325336517331269
865,0.30392188629505573,0.20250287107342632
866,0.08714954131483861,0.0989042688068921
867,0.1665591924889306,0.29883576368956466
868,0.1931007571311746,0.7084896536902614
869,0.2773545831907721,0.2790226655798831
870,0.2826377665368653,0.5421593842399837
871,0.07593451967659551,0.3743684007677968
872,0.11031064313408485,0.18331378440708482
873,0.21669014818081517,0.3617681753556696
874,0.08087126117446668,0.3788813975054514
875,0.08658835248999318,0.291203596792482
876,0.14292860385289496,0.29191731231374574
877,0.12857619254124814,0.05894356816697118
878,0.14992608556649556,0.21799163779293743
879,0.22447571921293602,0.31244794953054544
880,0.22300296959494664,0.3865778549326865
881,0.08465184447152155,0.3632238331822093
882,0.49561645855238196,0.30972950384833875
883,0.043913314385995855,0.2595642235496224
884,0.3263892944151115,0.12337034311852117
885,0.3288697140269262,0.17541196983965043
886,0.1139740451754336,0.04605379277568723
887,0.23210469914517232,0.6547031412953467
888,0.25547492745367395,0.6348450799080362
889,0.23621028159175583,0.02011619311263197
890,0.04961818515794689,0.5758654112716893
891,0.39146870114736704,0.09161699991533055
892,0.4528323097410291,0.3301099260185243
893,0.23220311110150588,0.5742819874507853
894,0.21955610891372052,0.5390337833680061
895,0.48231453618922004,0.1915034561281039
896,0.23966325998494797,0.15868977156740413
897,0.4393335278268066,0.3140086784089448
898,0.039360974528733356,0.7200211202003074
899,0.30009513969176915,0.8489217800175093
900,0.16652095669954173,0.2230323999780117
901,0.1635003150826489,0.48845971336388605
902,0.3578174391057621,0.15872543150301457
903,0.20100258280357108,0.2743378275020012
904,0.09253474625068565,0.08466999323173353
905,0.07264226448705588,0.6072506117850327
906,0.28086319170881235,0.550102466282818
907,0.3341145952135737,0.2755952937372537
908,0.2863334985825686,0.49414311592716514
909,0.014812457007616355,0.06220947758921135
910,0.4421545077680756,0.15148082579206068
911,0.30176848897237774,0.849401292826967
912,0.44572981150600205,0.11542222342432573
913,0.1428296155822542,0.4468413861244759
914,0.4158385839163813,0.3969684612939779
915,0.3049685467854549,0.49320903118995985
916,0.19399087792180825,0.47574242689311524
917,0.08026662546660701,0.37504849526874584
918,0.05143907076264705,0.4668860155647795
919,0.2967600733146113,0.18584154254087706
920,0.5463259785080883,0.4501535231533957
921,0.08393958076818853,0.2013593562580814
922,0.14940424117880952,0.23752219907958594
923,0.07593652032904497,0.7647982542857654
924,0.23065360112742567,0.07730626947139556
925,0.18707430473158046,0.5037757043013323
926,0.5544671483346952,0.17622057550724424
927,0.17119946497212746,0.32527873329890045
928,0.4112184955208323,0.464296384800319
929,0.4777200680215782,0.579041552036619
930,0.7767780938286784,0.23055593771944002
931,0.5578977816462348,0.29344073246753277
932,0.02698191540582593,0.38948103047925237
933,0.1628048154023668,0.2602236520979828
934,0.016009993338211542,0.4362512007843028
935,0.2945151352699737,0.33743971959061225
936,0.00428070920848615,0.34896993950800353
937,0.5294445356479369,0.39069151101573657
938,0.014211544518711533,0.23455542807978502
939,0.11840486100784042,0.578197138077456
940,0.3796908703480722,0.5121704579049021
941,0.05856295536000301,0.5316627960385539
942,0.08811366627530948,0.466141523823726
943,0.6006636081223727,0.08185438553070247
944,0.16967772518781687,0.247081150967466
945,0.2511519557795475,0.6147717092169165
946,0.23741681000854314,0.3356700530694819
947,0.1893323839595137,0.7079810115244626
948,0.21957612174181404,0.5515502469777683
949,0.25644322109908074,0.34793070053803976
950,0.3288000163329886,0.6108076232531728
951,0.20818028626216456,0.16353912735679943
952,0.49813682444560287,0.4022994583698599
953,0.023056360968104334,0.26195880500728097
954,0.19144234488989395,0.7165676656348077
955,0.47280416952288445,0.3480326781775504
956,0.05850247651982774,0.19482362101990244
957,0.025502685945655197,0.5968002169322125
958,0.09328888075635822,0.3362670100276056
959,0.034858855636330344,0.2867312458971368
960,0.04796650531190356,0.46906376969487057
961,0.04017252866915566,0.25450991577544335
962,0.07448687449574236,0.11373576955304371
963,0.07021389207544075,0.2344569702679051
964,0.34603604153762324,0.21897527367126252
965,0.07649010154332599,0.09464670508498968
966,0.07080714666474056,0.019088321133715516
967,0.4357020566734391,0.5586151021648118
968,0.19423352661865245,0.3006897679206192
969,0.23379734278003808,0.4243629161420524
970,0.16608926315414632,0.48029174911454703
971,0.2349765929716244,0.1431939532220078
972,0.08297019142276195,0.2303601155961204
973,0.3148634307050609,0.3611795889239224
974,0.2803073631026548,0.19590521702178332
975,0.41137980403504015,0.19409353748349237
976,0.3367062581943403,0.5709008778675123
977,0.4431448166490821,0.48284870593878726
978,0.06270863096737052,0.3938389105779874
979,0.10818104883773799,0.502254324998696
980,0.06029113063099636,0.7236493726839665
981,0.2002958587305494,0.1327858075924255
982,0.36802541297881314,0.4361254870585176
983,0.4129354420222021,0.23222583072672576
984,0.053146446288998075,0.11874882862552555
985,0.5562093394960174,0.3937987390606537
986,0.40921287019751423,0.20907200463285994
987,0.1540135094374907,0.17101522185341272
988,0.07894352493563551,0.343978743537914
989,0.44564828839965337,0.2565015770736636
990,0.06281463854783638,0.23724996574237775
991,0.2518832417147374,0.162287719216961
992,0.008688370356937864,0.43085466256986243
993,0.11636958672856416,0.39214227456943207
994,0.06507810405675733,0.2835700302638119
995,0.6465980445942946,0.5772772699098836
996,0.06864013689240119,0.1995755349460045
997,0.1559765272120635,0.15898193606497657
998,0.0867929203248942,0.20204743647462445
999,0.1216414108411866,0.14365123568312102
